0 0.747687
1 0.481794
2 0.389864
3 0.385906
4 0.379303
5 0.37107
6 0.362706
7 0.363453
8 0.349921
9 0.349374
10 0.339098
11 0.322454
12 0.308157
13 0.291269
14 0.27385
15 0.254573
16 0.235398
17 0.219236
18 0.203227
19 0.18283
20 0.167819
21 0.160913
22 0.149651
23 0.127777
24 0.113233
25 0.101491
26 0.0956896
27 0.0790045
28 0.0726311
29 0.0650535
30 0.0567037
31 0.0553576
32 0.0482163
33 0.0434727
34 0.0396406
35 0.0374715
36 0.0344968
37 0.0327936
38 0.0300795
39 0.0286293
40 0.0266546
41 0.0250433
42 0.0235817
43 0.0223715
44 0.02142
45 0.020649
46 0.0195388
47 0.0188298
48 0.0179258
49 0.0174719
50 0.0165759
51 0.0158923
52 0.0153112
53 0.0148327
54 0.0143816
55 0.0137819
56 0.0133656
57 0.0131243
58 0.0125338
59 0.0121973
60 0.0118322
61 0.0115071
62 0.0112142
63 0.0109009
64 0.010586
65 0.0103161
66 0.0100471
67 0.00984346
68 0.00960237
69 0.00934897
70 0.00919531
71 0.00895692
72 0.00875394
73 0.00856522
74 0.00838444
75 0.0082535
76 0.0080661
77 0.00790676
78 0.00773354
79 0.00759559
80 0.00743809
81 0.00730955
82 0.0071829
83 0.00703653
84 0.00692583
85 0.00679649
86 0.00666344
87 0.00657593
88 0.00646323
89 0.00634622
90 0.00624386
91 0.00615354
92 0.00605435
93 0.00596778
94 0.00585721
95 0.00577516
96 0.00568563
97 0.00560244
98 0.00552478
99 0.00545244
100 0.00537634
101 0.00529949
102 0.00522702
103 0.00514837
104 0.00508692
105 0.00502693
106 0.00496031
107 0.00488331
108 0.00483232
109 0.00477022
110 0.00470968
111 0.00464454
112 0.00458987
113 0.00453146
114 0.00447962
115 0.00443495
116 0.00437926
117 0.00432086
118 0.00427299
119 0.00422628
120 0.00418767
121 0.00412968
122 0.00409096
123 0.00404625
124 0.00400367
125 0.00396264
126 0.00391819
127 0.00387815
128 0.00384055
129 0.00379414
130 0.00375758
131 0.0037189
132 0.00367987
133 0.00364974
134 0.00361928
135 0.00357837
136 0.00354408
137 0.00351314
138 0.00347718
139 0.00344469
140 0.00341112
141 0.00338024
142 0.00335339
143 0.00332187
144 0.00329062
145 0.00325924
146 0.00323423
147 0.00320895
148 0.00317703
149 0.00314881
150 0.00312446
151 0.0030985
152 0.00307009
153 0.00304797
154 0.00301774
155 0.00299396
156 0.0029723
157 0.00294455
158 0.00292247
159 0.00289841
160 0.002878
161 0.0028536
162 0.00282996
163 0.00281399
164 0.00278979
165 0.00276487
166 0.0027472
167 0.00272901
168 0.00270373
169 0.00268249
170 0.00266785
171 0.00265003
172 0.00262542
173 0.00260835
174 0.00259006
175 0.00257102
176 0.00255209
177 0.00253643
178 0.00251664
179 0.00249792
180 0.0024805
181 0.00246723
182 0.0024503
183 0.0024334
184 0.00241498
185 0.0024007
186 0.00238343
187 0.00236985
188 0.00235463
189 0.00233746
190 0.00232245
191 0.00230882
192 0.00229159
193 0.00227879
194 0.00226372
195 0.00224989
196 0.002238
197 0.00222206
198 0.00220813
199 0.00219309
200 0.00218366
201 0.00216912
202 0.00215462
203 0.00214163
204 0.00213081
205 0.0021174
206 0.00210279
207 0.00209237
208 0.00207853
209 0.00206919
210 0.00205569
211 0.00204231
212 0.00203281
213 0.00202012
214 0.00200784
215 0.00199656
216 0.0019888
217 0.00197512
218 0.00196425
219 0.00195506
220 0.00194377
221 0.00193183
222 0.00192423
223 0.0019118
224 0.00190062
225 0.00189159
226 0.00188297
227 0.00187148
228 0.00186141
229 0.00185064
230 0.00184168
231 0.00183302
232 0.00182506
233 0.00181562
234 0.00180448
235 0.00179669
236 0.00178673
237 0.00177876
238 0.001769
239 0.00175899
240 0.00175204
241 0.0017422
242 0.00173421
243 0.00172545
244 0.00171794
245 0.00170908
246 0.00170065
247 0.00169251
248 0.00168343
249 0.00167688
250 0.0016682
251 0.00166091
252 0.00165316
253 0.00164459
254 0.00163824
255 0.00163014
256 0.00162157
257 0.00161386
258 0.00160797
259 0.00160035
260 0.00159265
261 0.00158545
262 0.00157842
263 0.00157093
264 0.00156521
265 0.00155811
266 0.00155114
267 0.00154405
268 0.00153663
269 0.00152995
270 0.00152391
271 0.00151828
272 0.00151058
273 0.00150497
274 0.00149786
275 0.00149038
276 0.00148458
277 0.00147844
278 0.00147264
279 0.00146674
280 0.00145961
281 0.00145478
282 0.00144729
283 0.00144118
284 0.0014359
285 0.00142979
286 0.00142469
287 0.00141815
288 0.00141262
289 0.00140643
290 0.00140076
291 0.00139506
292 0.0013899
293 0.00138562
294 0.00138016
295 0.00137458
296 0.00136912
297 0.00136358
298 0.00135728
299 0.00135291
300 0.00134719
301 0.00134299
302 0.0013367
303 0.00133119
304 0.00132627
305 0.0013221
306 0.00131622
307 0.00131131
308 0.00130762
309 0.00130165
310 0.00129629
311 0.00129135
312 0.00128704
313 0.00128244
314 0.00127843
315 0.00127302
316 0.00126789
317 0.00126402
318 0.00125919
319 0.00125481
320 0.00125064
321 0.00124596
322 0.00124111
323 0.00123673
324 0.00123211
325 0.00122742
326 0.0012235
327 0.001219
328 0.00121538
329 0.00121155
330 0.00120698
331 0.00120202
332 0.00119816
333 0.001194
334 0.00119018
335 0.00118624
336 0.00118179
337 0.00117747
338 0.00117369
339 0.0011701
340 0.00116618
341 0.0011616
342 0.00115903
343 0.00115465
344 0.00115057
345 0.00114621
346 0.0011424
347 0.00113874
348 0.00113596
349 0.00113227
350 0.00112768
351 0.00112398
352 0.00112073
353 0.00111697
354 0.00111318
355 0.00111042
356 0.00110607
357 0.00110272
358 0.00109951
359 0.00109536
360 0.00109229
361 0.00108895
362 0.00108541
363 0.00108173
364 0.00107809
365 0.00107464
366 0.00107227
367 0.00106837
368 0.0010649
369 0.00106148
370 0.00105853
371 0.00105518
372 0.00105248
373 0.00104855
374 0.00104559
375 0.00104231
376 0.00103907
377 0.00103585
378 0.00103349
379 0.00102979
380 0.00102683
381 0.00102349
382 0.00102074
383 0.00101803
384 0.00101487
385 0.00101203
386 0.00100843
387 0.00100568
388 0.00100332
389 0.000999769
390 0.000996913
391 0.00099385
392 0.000991229
393 0.000988128
394 0.000985931
395 0.000983068
396 0.00097994
397 0.0009774
398 0.000974207
399 0.000971462
400 0.000968882
401 0.000965936
402 0.000963258
403 0.000960578
404 0.000957882
405 0.000955326
406 0.000952561
407 0.000949741
408 0.000947147
409 0.000945081
410 0.000942535
411 0.000939793
412 0.000937328
413 0.000934414
414 0.000931869
415 0.000929673
416 0.000926794
417 0.000924025
418 0.000921709
419 0.000919408
420 0.00091668
421 0.000914845
422 0.000912062
423 0.000909796
424 0.000907292
425 0.000904624
426 0.000902574
427 0.000899887
428 0.000898046
429 0.000895487
430 0.0008929
431 0.000890616
432 0.000888154
433 0.000886084
434 0.000883857
435 0.000881253
436 0.000879003
437 0.000877137
438 0.000874511
439 0.000872089
440 0.000870229
441 0.000868031
442 0.000865683
443 0.000863571
444 0.000861164
445 0.000859191
446 0.000856864
447 0.000854564
448 0.00085269
449 0.000850401
450 0.000848532
451 0.000846416
452 0.00084428
453 0.000842237
454 0.00084004
455 0.000837936
456 0.000835849
457 0.000834099
458 0.000831691
459 0.000829752
460 0.000828056
461 0.000825984
462 0.000823803
463 0.000821626
464 0.00082007
465 0.000817778
466 0.000816055
467 0.00081392
468 0.000812122
469 0.00080998
470 0.000808174
471 0.000806442
472 0.000804288
473 0.000802667
474 0.000800505
475 0.000798394
476 0.00079652
477 0.000795059
478 0.000793112
479 0.000791129
480 0.000789303
481 0.000787552
482 0.000785708
483 0.000783988
484 0.000781853
485 0.000780107
486 0.00077824
487 0.000777028
488 0.000774883
489 0.000773302
490 0.0007715
491 0.000769755
492 0.000767722
493 0.000766024
494 0.000764182
495 0.0007629
496 0.000760943
497 0.000759302
498 0.000757474
499 0.000755815
500 0.000754056
501 0.00075236
502 0.000751123
503 0.0007491
504 0.000747597
505 0.000745769
506 0.000744389
507 0.000742476
508 0.000740951
509 0.00073919
510 0.000738075
511 0.000736251
512 0.000734569
513 0.000732917
514 0.000731349
515 0.000729548
516 0.000728348
517 0.000726613
518 0.000725243
519 0.000723621
520 0.000722003
521 0.000720645
522 0.000719064
523 0.000717179
524 0.000715882
525 0.000714313
526 0.00071286
527 0.000711162
528 0.00070971
529 0.000708093
530 0.000706682
531 0.000705371
532 0.000703985
533 0.000702301
534 0.000701237
535 0.000699474
536 0.000697977
537 0.000696645
538 0.000695072
539 0.000693533
540 0.000692375
541 0.000691058
542 0.000689409
543 0.000688083
544 0.000686543
545 0.000685544
546 0.000684061
547 0.000682405
548 0.000680987
549 0.000679761
550 0.000678202
551 0.000676968
552 0.000675758
553 0.000674448
554 0.000672943
555 0.000671609
556 0.000670383
557 0.000668959
558 0.000667626
559 0.000666197
560 0.000665092
561 0.000663736
562 0.000662447
563 0.000661163
564 0.00065967
565 0.000658338
566 0.000657236
567 0.00065579
568 0.000654484
569 0.000653267
570 0.000652122
571 0.000650732
572 0.000649781
573 0.000648207
574 0.00064697
575 0.000645988
576 0.000644696
577 0.000643334
578 0.000642167
579 0.000640931
580 0.000639573
581 0.000638289
582 0.000637247
583 0.000635937
584 0.000634894
585 0.000633706
586 0.000632378
587 0.000631414
588 0.000630171
589 0.000628838
590 0.000627919
591 0.000626551
592 0.000625517
593 0.000624132
594 0.000623043
595 0.000621893
596 0.000620769
597 0.000619601
598 0.000618575
599 0.000617394
600 0.000616337
601 0.000614973
602 0.000614018
603 0.000612869
604 0.000611841
605 0.000610507
606 0.000609651
607 0.000608403
608 0.000607388
609 0.000606119
610 0.00060497
611 0.000604049
612 0.000603037
613 0.000601773
614 0.000600987
615 0.000599605
616 0.000598516
617 0.000597409
618 0.00059645
619 0.000595419
620 0.000594253
621 0.000593289
622 0.000592157
623 0.000591227
624 0.000590305
625 0.000589209
626 0.00058826
627 0.000587036
628 0.000585993
629 0.00058514
630 0.000583978
631 0.000582953
632 0.000582094
633 0.000580847
634 0.000580023
635 0.000578937
636 0.000578084
637 0.000576911
638 0.000575841
639 0.000575019
640 0.000573954
641 0.000572878
642 0.000572086
643 0.000571116
644 0.000570152
645 0.000569051
646 0.000568121
647 0.000567183
648 0.0005662
649 0.000565288
650 0.0005643
651 0.000563224
652 0.000562578
653 0.000561416
654 0.000560403
655 0.000559786
656 0.000558621
657 0.000557818
658 0.000556782
659 0.000555823
660 0.000554996
661 0.000554001
662 0.000553064
663 0.000552106
664 0.000551419
665 0.000550424
666 0.000549427
667 0.000548607
668 0.000547709
669 0.000546659
670 0.000545955
671 0.000544997
672 0.000544132
673 0.000543155
674 0.00054238
675 0.000541538
676 0.000540535
677 0.000539707
678 0.000538945
679 0.000537903
680 0.000537184
681 0.000536319
682 0.000535337
683 0.000534414
684 0.000533615
685 0.000532779
686 0.000532021
687 0.00053119
688 0.000530375
689 0.000529337
690 0.000528554
691 0.000527657
692 0.000526933
693 0.000526129
694 0.000525246
695 0.000524322
696 0.000523604
697 0.000522671
698 0.000522065
699 0.000521199
700 0.000520307
701 0.00051948
702 0.000518582
703 0.000517974
704 0.000517003
705 0.000516168
706 0.000515501
707 0.000514706
708 0.000513839
709 0.000513094
710 0.000512379
711 0.000511555
712 0.000510756
713 0.00050986
714 0.000509103
715 0.000508379
716 0.00050759
717 0.000506758
718 0.000506175
719 0.000505291
720 0.000504505
721 0.000503866
722 0.000503007
723 0.000502173
724 0.000501401
725 0.000500832
726 0.000500032
727 0.000499246
728 0.000498504
729 0.000497763
730 0.000497115
731 0.000496247
732 0.000495508
733 0.000494799
734 0.000494028
735 0.000493341
736 0.000492572
737 0.000491884
738 0.000491217
739 0.000490341
740 0.000489637
741 0.000489086
742 0.000488371
743 0.00048752
744 0.000486896
745 0.000486033
746 0.000485388
747 0.000484619
748 0.000483952
749 0.000483183
750 0.000482512
751 0.000481835
752 0.000481126
753 0.000480565
754 0.00047973
755 0.000479198
756 0.000478377
757 0.000477735
758 0.000477103
759 0.000476405
760 0.000475677
761 0.00047511
762 0.000474398
763 0.000473604
764 0.000472987
765 0.000472284
766 0.000471636
767 0.000470957
768 0.000470322
769 0.000469652
770 0.000468906
771 0.000468266
772 0.000467659
773 0.000466943
774 0.000466368
775 0.00046559
776 0.000465123
777 0.000464448
778 0.000463722
779 0.00046316
780 0.000462452
781 0.000461757
782 0.00046112
783 0.000460467
784 0.000459803
785 0.000459169
786 0.000458521
787 0.00045792
788 0.000457383
789 0.000456764
790 0.000456135
791 0.00045548
792 0.000454781
793 0.000454245
794 0.000453518
795 0.000452899
796 0.000452287
797 0.000451644
798 0.00045116
799 0.000450528
800 0.000449802
801 0.000449345
802 0.000448696
803 0.000447989
804 0.000447403
805 0.000446904
806 0.000446205
807 0.000445573
808 0.000445027
809 0.000444484
810 0.000443773
811 0.000443366
812 0.000442723
813 0.000442043
814 0.000441428
815 0.000440822
816 0.000440355
817 0.000439704
818 0.000439052
819 0.000438579
820 0.000438043
821 0.000437382
822 0.00043691
823 0.000436249
824 0.000435632
825 0.000435151
826 0.000434575
827 0.000433965
828 0.000433452
829 0.000432825
830 0.000432233
831 0.000431735
832 0.000431085
833 0.000430659
834 0.000430044
835 0.000429392
836 0.000428935
837 0.000428287
838 0.000427712
839 0.000427295
840 0.000426729
841 0.000426102
842 0.00042558
843 0.000424973
844 0.00042446
845 0.00042403
846 0.000423352
847 0.000422847
848 0.000422414
849 0.000421731
850 0.000421333
851 0.000420693
852 0.000420141
853 0.000419579
854 0.000419058
855 0.000418653
856 0.000418068
857 0.000417567
858 0.000416938
859 0.000416528
860 0.000415885
861 0.000415411
862 0.000414879
863 0.000414376
864 0.000413802
865 0.000413266
866 0.000412751
867 0.000412319
868 0.000411839
869 0.000411282
870 0.000410816
871 0.00041023
872 0.000409837
873 0.000409277
874 0.000408713
875 0.000408184
876 0.00040766
877 0.000407179
878 0.000406783
879 0.000406219
880 0.000405706
881 0.000405204
882 0.000404652
883 0.000404192
884 0.00040372
885 0.000403244
886 0.000402731
887 0.000402267
888 0.000401724
889 0.000401219
890 0.000400796
891 0.000400335
892 0.000399781
893 0.000399334
894 0.000398908
895 0.000398326
896 0.000397988
897 0.000397401
898 0.000397
899 0.000396446
900 0.000396017
901 0.000395573
902 0.000395085
903 0.000394638
904 0.000394076
905 0.000393557
906 0.000393216
907 0.000392683
908 0.000392148
909 0.000391789
910 0.000391235
911 0.000390854
912 0.000390307
913 0.000389882
914 0.000389402
915 0.000389029
916 0.000388499
917 0.000388088
918 0.000387553
919 0.000387218
920 0.000386682
921 0.000386276
922 0.000385732
923 0.000385274
924 0.00038487
925 0.000384495
926 0.000383993
927 0.000383485
928 0.000383044
929 0.000382624
930 0.000382218
931 0.00038174
932 0.000381337
933 0.000380846
934 0.000380415
935 0.000379933
936 0.000379543
937 0.00037909
938 0.000378662
939 0.000378197
940 0.000377761
941 0.000377436
942 0.000376929
943 0.000376556
944 0.000376133
945 0.00037572
946 0.000375204
947 0.000374831
948 0.000374331
949 0.000373901
950 0.000373509
951 0.000373126
952 0.000372668
953 0.000372228
954 0.000371868
955 0.000371479
956 0.000371047
957 0.000370611
958 0.000370155
959 0.000369771
960 0.000369286
961 0.000368855
962 0.000368544
963 0.000368092
964 0.000367713
965 0.000367331
966 0.000366883
967 0.000366477
968 0.000366052
969 0.0003656
970 0.0003653
971 0.000364866
972 0.000364413
973 0.000363994
974 0.000363559
975 0.00036319
976 0.00036277
977 0.000362433
978 0.000361974
979 0.000361617
980 0.000361242
981 0.000360862
982 0.000360491
983 0.00036007
984 0.000359597
985 0.000359225
986 0.000358805
987 0.000358421
988 0.000358151
989 0.000357652
990 0.000357269
991 0.000356908
992 0.000356495
993 0.000356079
994 0.000355735
995 0.000355424
996 0.000354954
997 0.000354626
998 0.000354171
999 0.000353889
