0 0.841002
1 0.545476
2 0.412565
3 0.399935
4 0.393945
5 0.399349
6 0.393547
7 0.392148
8 0.390039
9 0.384723
10 0.385016
11 0.397008
12 0.389039
13 0.38957
14 0.381651
15 0.375814
16 0.38674
17 0.382859
18 0.377615
19 0.373879
20 0.364654
21 0.367163
22 0.355739
23 0.362344
24 0.344616
25 0.342407
26 0.34738
27 0.341192
28 0.325307
29 0.323591
30 0.314478
31 0.314562
32 0.321262
33 0.31464
34 0.309062
35 0.302306
36 0.30506
37 0.304929
38 0.302704
39 0.297488
40 0.310181
41 0.292152
42 0.289886
43 0.286819
44 0.29508
45 0.303123
46 0.294038
47 0.288017
48 0.279921
49 0.280991
50 0.282225
51 0.279082
52 0.305315
53 0.277146
54 0.268512
55 0.284489
56 0.278668
57 0.268324
58 0.270146
59 0.269405
60 0.271013
61 0.28293
62 0.271478
63 0.270892
64 0.265389
65 0.273179
66 0.26863
67 0.26675
68 0.267773
69 0.263412
70 0.267058
71 0.293665
72 0.265317
73 0.252724
74 0.25477
75 0.263048
76 0.262389
77 0.26797
78 0.265985
79 0.258975
80 0.266586
81 0.261672
82 0.258647
83 0.260041
84 0.261772
85 0.255701
86 0.256066
87 0.250684
88 0.254697
89 0.250364
90 0.248072
91 0.253136
92 0.250919
93 0.250885
94 0.272054
95 0.251001
96 0.25446
97 0.251891
98 0.268738
99 0.247642
100 0.250859
101 0.249639
102 0.280333
103 0.280875
104 0.253895
105 0.277517
106 0.279253
107 0.252085
108 0.262986
109 0.240815
110 0.242556
111 0.24765
112 0.256409
113 0.275562
114 0.256629
115 0.247149
116 0.241214
117 0.259716
118 0.262037
119 0.260375
120 0.245634
121 0.240754
122 0.252851
123 0.246835
124 0.25376
125 0.25051
126 0.260092
127 0.243368
128 0.251229
129 0.275288
130 0.244403
131 0.239384
132 0.259906
133 0.25059
134 0.243669
135 0.24979
136 0.259015
137 0.23754
138 0.24406
139 0.240281
140 0.241024
141 0.268824
142 0.246138
143 0.244249
144 0.249391
145 0.247712
146 0.241448
147 0.237336
148 0.24173
149 0.243044
150 0.244277
151 0.247307
152 0.244871
153 0.258139
154 0.258054
155 0.238869
156 0.261696
157 0.237361
158 0.248548
159 0.249675
160 0.255195
161 0.238537
162 0.243145
163 0.248653
164 0.238742
165 0.241586
166 0.237584
167 0.244517
168 0.239963
169 0.253406
170 0.237876
171 0.236282
172 0.242749
173 0.248269
174 0.261669
175 0.255064
176 0.261371
177 0.251974
178 0.24311
179 0.236572
180 0.24277
181 0.241413
182 0.25457
183 0.266576
184 0.238642
185 0.266983
186 0.247589
187 0.25319
188 0.239214
189 0.241986
190 0.265086
191 0.241356
192 0.231059
193 0.233805
194 0.23968
195 0.266267
196 0.238824
197 0.255003
198 0.243268
199 0.241876
200 0.236771
201 0.237862
202 0.235183
203 0.251594
204 0.241429
205 0.244251
206 0.239674
207 0.235588
208 0.258247
209 0.245625
210 0.245839
211 0.26805
212 0.239521
213 0.233222
214 0.237595
215 0.234152
216 0.246002
217 0.237479
218 0.233869
219 0.256766
220 0.241059
221 0.267361
222 0.241759
223 0.244728
224 0.238868
225 0.244223
226 0.240081
227 0.236781
228 0.249725
229 0.237706
230 0.242673
231 0.241467
232 0.236912
233 0.239929
234 0.254334
235 0.24111
236 0.23136
237 0.23287
238 0.253695
239 0.243821
240 0.234214
241 0.23049
242 0.274293
243 0.249043
244 0.234317
245 0.24764
246 0.232547
247 0.238915
248 0.246211
249 0.236324
250 0.239665
251 0.24313
252 0.237142
253 0.241791
254 0.23421
255 0.243576
256 0.234886
257 0.240174
258 0.239371
259 0.243025
260 0.249856
261 0.228341
262 0.237249
263 0.250856
264 0.255945
265 0.235655
266 0.238455
267 0.232265
268 0.257894
269 0.236241
270 0.249882
271 0.237057
272 0.232166
273 0.24643
274 0.244582
275 0.235049
276 0.226062
277 0.240543
278 0.236597
279 0.257795
280 0.254169
281 0.25082
282 0.238227
283 0.233274
284 0.241096
285 0.240986
286 0.243657
287 0.231525
288 0.236134
289 0.231784
290 0.253748
291 0.241808
292 0.233262
293 0.243888
294 0.268496
295 0.230702
296 0.234805
297 0.237883
298 0.236213
299 0.248924
300 0.251038
301 0.236524
302 0.241955
303 0.234165
304 0.23077
305 0.243464
306 0.235613
307 0.236289
308 0.253045
309 0.237118
310 0.230793
311 0.23247
312 0.246226
313 0.258078
314 0.232028
315 0.230197
316 0.235111
317 0.235869
318 0.255279
319 0.237885
320 0.2262
321 0.24731
322 0.237456
323 0.240944
324 0.243517
325 0.232934
326 0.23575
327 0.231032
328 0.237741
329 0.256615
330 0.236061
331 0.227309
332 0.243154
333 0.226439
334 0.230837
335 0.22333
336 0.2302
337 0.226872
338 0.231503
339 0.229873
340 0.22649
341 0.227966
342 0.228685
343 0.229678
344 0.227539
345 0.240347
346 0.222992
347 0.22381
348 0.226305
349 0.224021
350 0.225418
351 0.221319
352 0.231
353 0.227032
354 0.227389
355 0.214915
356 0.222235
357 0.22102
358 0.217933
359 0.230404
360 0.222044
361 0.217688
362 0.214931
363 0.214721
364 0.215853
365 0.213853
366 0.228913
367 0.216789
368 0.219364
369 0.22175
370 0.215047
371 0.215966
372 0.210265
373 0.209725
374 0.216691
375 0.2138
376 0.218249
377 0.20673
378 0.216498
379 0.207859
380 0.215228
381 0.20559
382 0.213145
383 0.20995
384 0.207804
385 0.212157
386 0.206013
387 0.206633
388 0.204347
389 0.208754
390 0.205328
391 0.204067
392 0.200946
393 0.209672
394 0.202589
395 0.208743
396 0.203378
397 0.207161
398 0.20981
399 0.207542
400 0.206485
401 0.203033
402 0.20421
403 0.203157
404 0.2
405 0.203748
406 0.206673
407 0.205759
408 0.201066
409 0.201942
410 0.209366
411 0.201298
412 0.206075
413 0.203501
414 0.202042
415 0.207005
416 0.203524
417 0.198788
418 0.206239
419 0.201158
420 0.2062
421 0.206521
422 0.19944
423 0.20026
424 0.200286
425 0.206006
426 0.198064
427 0.200532
428 0.204883
429 0.20074
430 0.201801
431 0.199281
432 0.201082
433 0.198753
434 0.206937
435 0.200981
436 0.202199
437 0.197461
438 0.20112
439 0.200911
440 0.201915
441 0.197698
442 0.199892
443 0.201863
444 0.200629
445 0.201139
446 0.198799
447 0.196098
448 0.197274
449 0.19869
450 0.198206
451 0.202309
452 0.197049
453 0.197562
454 0.198371
455 0.196441
456 0.203397
457 0.197794
458 0.2056
459 0.202052
460 0.200163
461 0.198799
462 0.199473
463 0.196452
464 0.198611
465 0.199532
466 0.196922
467 0.196793
468 0.198132
469 0.196546
470 0.1979
471 0.200467
472 0.198531
473 0.199878
474 0.200042
475 0.196173
476 0.197175
477 0.196643
478 0.199876
479 0.198589
480 0.197752
481 0.201473
482 0.196129
483 0.196305
484 0.202123
485 0.198312
486 0.195289
487 0.200861
488 0.204238
489 0.204617
490 0.198113
491 0.203968
492 0.195251
493 0.199898
494 0.197361
495 0.199397
496 0.202903
497 0.201737
498 0.199735
499 0.195981
500 0.198379
501 0.201142
502 0.196293
503 0.197767
504 0.201146
505 0.199154
506 0.196652
507 0.202071
508 0.201927
509 0.200445
510 0.195981
511 0.199169
512 0.196161
513 0.199499
514 0.197392
515 0.195354
516 0.195169
517 0.197562
518 0.195451
519 0.20013
520 0.196165
521 0.205135
522 0.200059
523 0.196033
524 0.198322
525 0.196925
526 0.196997
527 0.194711
528 0.194763
529 0.201932
530 0.199516
531 0.201312
532 0.195489
533 0.20593
534 0.197794
535 0.196625
536 0.193987
537 0.198691
538 0.201779
539 0.198644
540 0.198751
541 0.196795
542 0.199069
543 0.199641
544 0.199175
545 0.19676
546 0.201334
547 0.203916
548 0.195622
549 0.197789
550 0.203819
551 0.201392
552 0.197992
553 0.198169
554 0.196091
555 0.195562
556 0.196215
557 0.19742
558 0.196403
559 0.197352
560 0.201034
561 0.197034
562 0.196207
563 0.19487
564 0.198243
565 0.200728
566 0.196004
567 0.199158
568 0.196969
569 0.198355
570 0.193649
571 0.194252
572 0.199113
573 0.202208
574 0.197708
575 0.200482
576 0.195598
577 0.196309
578 0.201046
579 0.197745
580 0.199749
581 0.198008
582 0.19954
583 0.196045
584 0.196837
585 0.197974
586 0.196222
587 0.198301
588 0.202803
589 0.199368
590 0.19819
591 0.196803
592 0.198526
593 0.19383
594 0.193715
595 0.199142
596 0.19891
597 0.194147
598 0.201918
599 0.197149
600 0.199157
601 0.196571
602 0.198326
603 0.195536
604 0.201944
605 0.194763
606 0.194403
607 0.19741
608 0.195442
609 0.201099
610 0.204506
611 0.196878
612 0.196794
613 0.197504
614 0.194968
615 0.195194
616 0.199096
617 0.195235
618 0.19996
619 0.195369
620 0.197296
621 0.199394
622 0.196593
623 0.201729
624 0.19834
625 0.198135
626 0.19407
627 0.203741
628 0.194744
629 0.195084
630 0.195166
631 0.194069
632 0.19766
633 0.199595
634 0.195123
635 0.195979
636 0.19978
637 0.198398
638 0.199527
639 0.197775
640 0.199969
641 0.197102
642 0.194363
643 0.198301
644 0.195129
645 0.19476
646 0.196098
647 0.197397
648 0.196597
649 0.195815
650 0.198534
651 0.195099
652 0.198779
653 0.196764
654 0.193137
655 0.195015
656 0.197952
657 0.196364
658 0.198596
659 0.1965
660 0.193193
661 0.199571
662 0.198326
663 0.19412
664 0.198241
665 0.197881
666 0.195745
667 0.198531
668 0.195801
669 0.198771
670 0.196803
671 0.195896
672 0.197957
673 0.197247
674 0.194397
675 0.19347
676 0.192584
677 0.196931
678 0.192825
679 0.196744
680 0.194591
681 0.195625
682 0.198267
683 0.195756
684 0.193396
685 0.19493
686 0.200211
687 0.199702
688 0.197798
689 0.194528
690 0.193262
691 0.19368
692 0.19462
693 0.19704
694 0.196459
695 0.194622
696 0.195834
697 0.196549
698 0.194316
699 0.196289
700 0.197484
701 0.194601
702 0.195577
703 0.19526
704 0.19572
705 0.193609
706 0.197573
707 0.194049
708 0.193967
709 0.196586
710 0.198923
711 0.198246
712 0.196345
713 0.19314
714 0.193761
715 0.194813
716 0.20115
717 0.195016
718 0.204319
719 0.195606
720 0.193819
721 0.195758
722 0.195107
723 0.200837
724 0.196644
725 0.19407
726 0.194737
727 0.201863
728 0.19439
729 0.195251
730 0.194348
731 0.196535
732 0.199922
733 0.194898
734 0.195935
735 0.197342
736 0.195272
737 0.19516
738 0.195654
739 0.193309
740 0.196892
741 0.195549
742 0.19431
743 0.196128
744 0.193625
745 0.197296
746 0.193514
747 0.192949
748 0.193671
749 0.193139
750 0.195978
751 0.192805
752 0.193436
753 0.196697
754 0.199309
755 0.19567
756 0.195497
757 0.197201
758 0.193279
759 0.197915
760 0.197312
761 0.195618
762 0.198485
763 0.194619
764 0.197934
765 0.200001
766 0.193783
767 0.192287
768 0.192789
769 0.19466
770 0.193345
771 0.198186
772 0.196961
773 0.193362
774 0.196345
775 0.192735
776 0.197283
777 0.195705
778 0.196977
779 0.194226
780 0.19336
781 0.195324
782 0.194373
783 0.194489
784 0.199069
785 0.197145
786 0.1937
787 0.195264
788 0.193767
789 0.195237
790 0.193282
791 0.199961
792 0.194726
793 0.195247
794 0.196258
795 0.19532
796 0.195254
797 0.201248
798 0.196875
799 0.19379
800 0.196167
801 0.19956
802 0.195762
803 0.197348
804 0.203085
805 0.193703
806 0.198036
807 0.194268
808 0.192723
809 0.193461
810 0.191916
811 0.195831
812 0.195725
813 0.197672
814 0.194156
815 0.198871
816 0.193693
817 0.192953
818 0.19504
819 0.199711
820 0.193177
821 0.193338
822 0.193835
823 0.193688
824 0.194694
825 0.197318
826 0.196262
827 0.197275
828 0.196304
829 0.192585
830 0.191419
831 0.195179
832 0.197916
833 0.197
834 0.193141
835 0.197295
836 0.197641
837 0.192867
838 0.194551
839 0.198311
840 0.197616
841 0.196368
842 0.198175
843 0.197465
844 0.196394
845 0.193412
846 0.195835
847 0.192829
848 0.19516
849 0.194899
850 0.195421
851 0.196047
852 0.196136
853 0.199986
854 0.194469
855 0.196235
856 0.193393
857 0.193589
858 0.193044
859 0.19768
860 0.192792
861 0.194927
862 0.191858
863 0.193479
864 0.193521
865 0.196151
866 0.193699
867 0.194138
868 0.196388
869 0.194645
870 0.19663
871 0.197969
872 0.192674
873 0.192355
874 0.192492
875 0.195499
876 0.193038
877 0.193078
878 0.198272
879 0.194563
880 0.195225
881 0.192848
882 0.197785
883 0.196325
884 0.198703
885 0.194759
886 0.19434
887 0.194905
888 0.191963
889 0.197154
890 0.193475
891 0.192615
892 0.194327
893 0.193051
894 0.199013
895 0.193432
896 0.192229
897 0.198957
898 0.197112
899 0.193218
900 0.193873
901 0.194767
902 0.193021
903 0.199172
904 0.197956
905 0.197433
906 0.196053
907 0.196377
908 0.191878
909 0.19169
910 0.194712
911 0.198639
912 0.194435
913 0.196755
914 0.19303
915 0.192952
916 0.193746
917 0.19218
918 0.194649
919 0.196231
920 0.19907
921 0.197928
922 0.19399
923 0.194093
924 0.191751
925 0.191804
926 0.19544
927 0.19538
928 0.195039
929 0.194575
930 0.191857
931 0.194489
932 0.196406
933 0.19493
934 0.196725
935 0.195143
936 0.193059
937 0.192914
938 0.193961
939 0.193257
940 0.197859
941 0.192645
942 0.193665
943 0.193119
944 0.193766
945 0.198829
946 0.194971
947 0.195195
948 0.194738
949 0.193762
950 0.19471
951 0.194855
952 0.194612
953 0.196356
954 0.197475
955 0.196556
956 0.194692
957 0.20238
958 0.193231
959 0.196224
960 0.196844
961 0.191865
962 0.194665
963 0.191787
964 0.194716
965 0.197072
966 0.198943
967 0.196014
968 0.194462
969 0.193711
970 0.192723
971 0.191939
972 0.19991
973 0.194899
974 0.19493
975 0.195269
976 0.196394
977 0.191787
978 0.192546
979 0.192043
980 0.194194
981 0.199429
982 0.197328
983 0.194682
984 0.192832
985 0.192627
986 0.19557
987 0.193606
988 0.197624
989 0.194955
990 0.191942
991 0.193693
992 0.196077
993 0.19465
994 0.194645
995 0.198375
996 0.194791
997 0.196562
998 0.192644
999 0.196162
